1 5.1 1 6 1 1.5 0.7 1.2 0.7
2 5.9 1 7.2 1.1 1.7 0.7 1.4 0.7
3 6.2 1 6.8 1 1.8 0.7 1.5 0.7
4 5.9 1 6.7 1 1.5 0.7 1.1 0.7
5 5.1 1 5.7 1 1.6 0.7 0.9 0.7
6 7.7 1.1 10.4 1.4 2 0.8 2.1 0.8
7 8.7 1.2 10.8 1.4 2.1 0.8 2.6 0.8
8 8.7 1.2 10.9 1.5 2.2 0.8 2.5 0.8
9 7.7 1.1 9.1 1.3 2.1 0.8 2.1 0.8
10 7.7 1.1 10.1 1.4 2.1 0.8 2.1 0.8
11 7.9 1.2 10 1.4 2.1 0.8 2.7 0.8
12 7.9 1.2 10.1 1.4 2.3 0.8 2.7 0.8
13 8.3 1.2 10.9 1.5 2.3 0.8 2.1 0.8
14 7.8 1.1 9 1.3 2.2 0.8 2.1 0.8
15 7.8 1.1 9.8 1.4 2.4 0.8 2.9 0.8
16 8 1.2 11 1.5 2.3 0.8 2.6 0.8
17 8.4 1.2 12 1.6 2.5 0.8 2.6 0.8
18 7.4 1.1 9.5 1.3 2.1 0.8 1.8 0.7
19 7.5 1.1 10.4 1.4 2.2 0.8 2.3 0.8
20 9.3 1.3 11.7 1.5 2.7 0.8 2.6 0.8
21 9.3 1.3 7.7 1.1 2.7 0.8 2.5 0.8
22 7 1.1 9.3 1.3 2.2 0.8 1.6 0.7
23 7.2 1.1 8.9 1.3 2.5 0.8 1.9 0.8
24 7.7 1.1 6 1 2.3 0.8 1.8 0.7
25 4.6 0.9 4.3 0.9 1.6 0.7 1.2 0.7
